omega = 0.548089, Statistischer Fehler: 0.000000
phi_0 = 12.672057, Statistischer Fehler: 0.003421
gamma = 0.125202, Statistischer Fehler: 0.000001
