omega = 0.547501, Statistischer Fehler: 0.000000
phi_0 = 12.987478, Statistischer Fehler: 0.002813
gamma = 0.215880, Statistischer Fehler: 0.000002
