gamma = -0.002266, Statistischer Fehler: 0.000001
phi_0 = 0.886952, Statistischer Fehler: 0.023484
omega = 0.003079, Statistischer Fehler: 0.000000
